[7#$#%]
0.095  847.82630.71-.017156       3 1 1 51       0 1 1 01                    R 21e     456653293910 9 811    45.0   43.0
 2115366.8826901.030E-030 7.059E-08.07170.096  831.68290.70-.016925       3 1 1 51       0 1 1 01                    R 20f     456653293910 9 811    43.0   41.0
 2115366.9573205.402E-031 6.662E-08.06850.088 1031.12910.75-.019059       3 1 1 51       0 1 1 01                    R 30f     456653293910 9 811    63.0   61.0
 2115367.0327806.885E-031 6.726E-08.06930.090  962.62570.74-.018456       3 1 1 51       0 1 1 01                    R 27e     456653293910 9 811    57.0   55.0
 2115367.0403408.873E-031 6.847E-08.07060.094  882.97140.72-.017605       3 1 1 51       0 1 1 01                    R 23e     456653293910 9 811    49.0   47.0
 2115367.0951007.907E-031 6.794E-08.06990.092  921.23810.73-.018038       3 1 1 51       0 1 1 01                    R 25e     456653293910 9 811    53.0   51.0
 2115367.1356909.505E-031 7.018E-08.07090.095  865.31990.71-.017383       3 1 1 51       0 1 1 01                    R 22f     456653293910 9 811    47.0   45.0
 2115367.1832506.453E-031 6.790E-08.06900.089  984.98900.74-.018660       3 1 1 51       0 1 1 01                    R 28f     456653293910 9 811    59.0   57.0
 2115367.2707608.556E-031 6.961E-08.07020.093  902.08370.72-.017824       3 1 1 51       0 1 1 01                    R 24f     456653293910 9 811    51.0   49.0
 2115367.2870507.521E-031 6.888E-08.06960.091  941.97360.73-.018248       3 1 1 51       0 1 1 01                    R 26f     456653293910 9 811    55.0   53.0
 2115367.9128801.267E-029 6.451E-08.08340.114   16.38900.67-.013686       3 0 0 51       0 0 0 01                    P  6e     456653293910 9 811    11.0   13.0
 2115368.2044501.586E-031 4.510E-08.06220.069 1333.76790.70-.023704       3 0 0 51       0 0 0 01                    R 58e     455543293910 9 811   119.0  117.0
 2115369.7359408.812E-030 6.765E-08.08660.118    7.80430.68-.012723       3 0 0 51       0 0 0 01                    P  4e     456653293910 9 811     7.0    9.0
 2115369.9575302.413E-031 4.594E-08.06320.070 1244.22040.71-.023420       3 0 0 51       0 0 0 01                    R 56e     455543293910 9 811   115.0  113.0
 2115371.4425104.529E-030 7.902E-08.09050.123    2.34130.68-.011340       3 0 0 51       0 0 0 01                    P  2e     456653293910 9 811     3.0    5.0
 2115371.6042103.606E-031 4.674E-08.06420.071 1157.77410.71-.023130       3 0 0 51       0 0 0 01                    R 54e     455543293910 9 811   111.0  109.0
 2115373.1437005.302E-031 4.756E-08.06500.072 1074.43060.72-.022834       3 0 0 51       0 0 0 01                    R 52e     455543293910 9 811   107.0  105.0
 2115373.7838202.291E-030 3.952E-08.09500.127    0.00000.69-.009241       3 0 0 51       0 0 0 01                    R  0e     456653293910 9 811     3.0    1.0
 2115374.5752707.662E-031 4.834E-08.06560.073  994.19120.73-.022530       3 0 0 51       0 0 0 01                    R 50e     455553293910 9 811   103.0  101.0
 2115375.1989606.792E-030 5.081E-08.08850.120    2.34130.68-.010344       3 0 0 51       0 0 0 01                    R  2e     456653293910 9 811     7.0    5.0
 2115375.8982001.088E-030 4.909E-08.06590.074  917.05730.73-.022219       3 0 0 51       0 0 0 01                    R 48e     455553293910 9 811    99.0   97.0
 2115376.4975101.101E-029 5.384E-08.08490.116    7.80430.67-.011557       3 0 0 51       0 0 0 01                    R  4e     456653293910 9 811    11.0    9.0
 2115377.1118401.208E-030 3.964E-08.06620.075  843.03010.74-.021901       3 0 0 51       0 0 0 01                    R 46e     455553293910 9 811    95.0   93.0
 2115377.6795101.475E-029 5.514E-08.08200.112   16.38900.67-.012573       3 0 0 51       0 0 0 01                    R  6e     456653293910 9 811    15.0   13.0
 2115378.2155502.079E-030 5.048E-08.06630.077  772.11070.75-.021576       3 0 0 51       0 0 0 01                    R 44e     455553293910 9 811    91.0   89.0
 2115378.7450201.788E-029 5.587E-08.07970.109   28.09510.67-.013425       3 0 0 51       0 0 0 01                    R  8e     456653293910 9 811    19.0   17.0
 2115379.2087402.802E-030 5.117E-08.06650.078  704.30050.75-.021242       3 0 0 51       0 0 0 01                    R 42e     456553293910 9 811    87.0   85.0
 2115379.6941002.028E-029 5.627E-08.07780.107   42.92250.67-.014159       3 0 0 51       0 0 0 01                    R 10e     456653293910 9 811    23.0   21.0
 2115380.0908203.706E-030 5.181E-08.06680.080  639.60040.75-.020901       3 0 0 51       0 0 0 01                    R 40e     456653293910 9 811    83.0   81.0
 2115380.5268602.188E-029 5.645E-08.07620.104   60.87090.67-.014808       3 0 0 51       0 0 0 01                    R 12e     456653293910 9 811    27.0   25.0
 2115380.8612704.811E-030 5.239E-08.06700.081  578.01160.76-.020551       3 0 0 51       0 0 0 01                    R 38e     456653293910 9 811    79.0   77.0
 2115381.2434402.269E-029 5.648E-08.07480.102   81.94010.68-.015395       3 0 0 51       0 0 0 01                    R 14e     456653293910 9 811    31.0   29.0
 2115381.5195706.135E-030 5.296E-08.06730.083  519.53500.76-.020192       3 0 0 51       0 0 0 01                    R 36e     456653293910 9 811    75.0   73.0
 2115381.8439802.276E-029 5.645E-08.07370.100  106.12970.68-.015937       3 0 0 51       0 0 0 01                    R 16e     456653293910 9 811    35.0   33.0
 2115382.0652607.679E-030 5.351E-08.06770.084  464.17170.75-.019824       3 0 0 51       0 0 0 01                    R 34e     456653293910 9 811    71.0   69.0
 2115382.3286602.216E-029 5.634E-08.07260.098  133.43930.69-.016444       3 0 0 51       0 0 0 01                    R 18e     456653293910 9 811    39.0   37.0
 2115382.4978809.427E-030 5.400E-08.06810.086  411.92250.75-.019447       3 0 0 51       0 0 0 01                    R 32e     456653293910 9 811    67.0   65.0
 2115382.6976902.101E-029 5.617E-08.07170.096  163.86840.70-.016925       3 0 0 51       0 0 0 01                    R 20e     456653293910 9 811    43.0   41.0
 2115382.8170201.136E-029 5.448E-08.06850.088  362.78830.75-.019059       3 0 0 51       0 0 0 01                    R 30e     456653293910 9 811    63.0   61.0
 2115382.9513001.942E-029 5.592E-08.07090.095  197.41660.71-.017383       3 0 0 51       0 0 0 01                    R 22e     456653293910 9 811    47.0   45.0
 2115383.0222701.340E-029 5.489E-08.06900.089  316.76990.74-.018660       3 0 0 51       0 0 0 01                    R 28e     456653293910 9 811    59.0   57.0
 2115383.0897401.754E-029 5.562E-08.07020.093  234.08340.72-.017824       3 0 0 51       0 0 0 01                    R 24e     456653293910 9 811    51.0   49.0
 2115383.1132901.549E-029 5.526E-08.06960.091  273.86800.73-.018248       3 0 0 51       0 0 0 01                    R 26e     456653293910 9 811    55.0   53.0
 2115783.6101202.389E-031 4.791E-08.06790.085 1132.78030.75-.021758       0 1 1 71       0 1 1 01                    P 34f     456653293910 9 811    67.0   69.0
 2115785.9561302.564E-031 4.643E-08.06810.086 1105.50660.75-.021581       0 1 1 71       0 1 1 01                    P 33e     456653293910 9 811    65.0   67.0
 2115787.9514602.896E-031 4.789E-08.06830.087 1080.39310.75-.021403       0 1 1 71       0 1 1 01                    P 32f     456653293910 9 811    63.0   65.0
 2115790.1960503.072E-031 4.634E-08.06850.088 1054.76070.75-.021222       0 1 1 71       0 1 1 01                    P 31e     456653293910 9 811    61.0   63.0
 2115792.1221903.443E-031 4.788E-08.06880.088 1031.12910.74-.021040       0 1 1 71       0 1 1 01                    P 30f     456653293910 9 811    59.0   61.0
 2115794.2662503.619E-031 4.638E-08.06900.089 1007.13350.74-.020856       0 1 1 71       0 1 1 01                    P 29e     456653293910 9 811    57.0   59.0
 2115796.1222904.022E-031 4.797E-08.06930.090  984.98900.74-.020671       0 1 1 71       0 1 1 01                    P 28f     456653293910 9 811    55.0   57.0
 2115798.1666904.177E-031 4.639E-08.06960.091  962.62570.73-.020483       0 1 1 71       0 1 1 01                    P 27e     456653293910 9 811    53.0   55.0
 2115799.9517104.584E-031 4.786E-08.06990.092  941.97360.73-.020293       0 1 1 71       0 1 1 01                    P 26f     456653293910 9 811    51.0   53.0
 2115801.8973304.730E-031 4.649E-08.07020.093  921.23810.72-.020101       0 1 1 71       0 1 1 01                    P 25e     456653293910 9 811    49.0   51.0
 2115803.6104305.131E-031 4.790E-08.07060.094  902.08370.72-.019906       0 1 1 71       0 1 1 01                    P 24f     456653293910 9 811    47.0   49.0
 2115804.9125101.566E-031 4.872E-08.06270.070 1333.76790.70-.025588       0 0 0 71       0 0 0 01                    P 58e     455543293910 9 811   115.0  117.0
 2115805.4581205.225E-031 4.644E-08.07090.095  882.97140.71-.019709       0 1 1 71       0 1 1 01                    P 23e     456653293910 9 811    45.0   47.0
 2115807.0984105.610E-031 4.790E-08.07130.095  865.31990.71-.019508       0 1 1 71       0 1 1 01                    P 22f     456653293910 9 811    43.0   45.0
 2115808.8490405.661E-031 4.657E-08.07170.096  847.82630.70-.019304       0 1 1 71       0 1 1 01                    P 21e     456653293910 9 811    41.0   43.0
 2115810.4156206.002E-031 4.800E-08.07220.097  831.68290.70-.019095       0 1 1 71       0 1 1 01                    P 20f     456653293910 9 811    39.0   41.0
 2115811.3161502.333E-031 4.871E-08.06380.070 1244.22040.71-.025298       0 0 0 71       0 0 0 01                    P 56e     455543293910 9 811   111.0  113.0
 2115812.0700305.973E-031 4.662E-08.07260.098  815.80320.69-.018883       0 1 1 71       0 1 1 01                    P 19e     456653293910 9 811    37.0   39.0
 2115813.5620206.258E-031 4.810E-08.07310.099  801.17310.69-.018665       0 1 1 71       0 1 1 01                    P 18f     456653293910 9 811    35.0   37.0
 2115815.1210706.143E-031 4.674E-08.07370.100  786.90280.68-.018440       0 1 1 71       0 1 1 01                    P 17e     456653293910 9 811    33.0   35.0
 2115816.5375806.345E-031 4.822E-08.07420.101  773.79110.68-.018209       0 1 1 71       0 1 1 01                    P 16f     456653293910 9 811    31.0   33.0
 2115817.5488903.407E-031 4.851E-08.06470.071 1157.77410.72-.025003       0 0 0 71       0 0 0 01                    P 54e     455543293910 9 811   107.0  109.0
 2115818.0021206.128E-031 4.682E-08.07480.102  761.12550.68-.017969       0 1 1 71       0 1 1 01                    P 15e     456653293910 9 811    29.0   31.0
 2115819.3422806.235E-031 4.837E-08.07550.103  749.53740.67-.017720       0 1 1 71       0 1 1 01                    P 14f     456653293910 9 811    27.0   29.0
 2115820.7131505.918E-031 4.700E-08.07620.104  738.47170.67-.017458       0 1 1 71       0 1 1 01                    P 13e     456653293910 9 811    25.0   27.0
 2115821.9760705.904E-031 4.854E-08.07700.105  728.41230.67-.017182       0 1 1 71       0 1 1 01                    P 12f     456653293910 9 811    23.0   25.0
 2115823.2541205.498E-031 4.729E-08.07780.107  718.94190.67-.016890       0 1 1 71       0 1 1 01                    P 11e     456653293910 9 811    21.0   23.0
 2115823.6106904.910E-031 4.847E-08.06530.072 1074.43060.72-.024702       0 0 0 71       0 0 0 01                    P 52e     455543293910 9 811   103.0  105.0
 2115824.4389405.348E-031 4.878E-08.07870.108  710.41630.67-.016577       0 1 1 71       0 1 1 01                    P 10f     456653293910 9 811    19.0   21.0
 2115829.5015206.958E-031 4.842E-08.06580.074  994.19120.73-.024397       0 0 0 71       0 0 0 01                    P 50e     455553293910 9 811    99.0  101.0
 2115834.6076602.439E-031 4.644E-08.06770.084 1132.78030.75-.021886       0 1 1 71       0 1 1 01                    R 34f     456653293910 9 811    71.0   69.0
 2115835.2213109.698E-031 4.837E-08.06600.075  917.05730.74-.024086       0 0 0 71       0 0 0 01                    P 48e     455553293910 9 811    95.0   97.0
 2115835.4102402.641E-031 4.533E-08.06790.085 1105.50660.75-.021680       0 1 1 71       0 1 1 01                    R 33e     456653293910 9 811    69.0   67.0
 2115835.9973002.961E-031 4.633E-08.06810.086 1080.39310.75-.021472       0 1 1 71       0 1 1 01                    R 32f     456653293910 9 811    67.0   65.0
 2115836.7020203.179E-031 4.526E-08.06830.087 1054.76070.75-.021261       0 1 1 71       0 1 1 01                    R 31e     456653293910 9 811    65.0   63.0
 2115837.2155003.535E-031 4.630E-08.06850.088 1031.12910.75-.021047       0 1 1 71       0 1 1 01                    R 30f     456653293910 9 811    63.0   61.0
 2115837.8232803.744E-031 4.507E-08.06880.088 1007.13350.74-.020830       0 1 1 71       0 1 1 01                    R 29e     456653293910 9 811    61.0   59.0
 2115838.2622704.132E-031 4.618E-08.06900.089  984.98900.74-.020610       0 1 1 71       0 1 1 01                    R 28f     456653293910 9 811    59.0   57.0
 2115838.7740204.344E-031 4.509E-08.06930.090  962.62570.74-.020387       0 1 1 71       0 1 1 01                    R 27e     456653293910 9 811    57.0   55.0
 2115839.1376404.734E-031 4.606E-08.06960.091  941.97360.73-.020160       0 1 1 71       0 1 1 01                    R 26f     456653293910 9 811    55.0   53.0
 2115839.5542704.915E-031 4.487E-08.06990.092  921.23810.73-.019930       0 1 1 71       0 1 1 01                    R 25e     456653293910 9 811    53.0   51.0
 2115839.8416205.310E-031 4.590E-08.07020.093  902.08370.72-.019696       0 1 1 71       0 1 1 01                    R 24f     456653293910 9 811    51.0   49.0
 2115839.9721205.875E-031 4.436E-08.07780.107  710.41630.67-.015691       0 1 1 71       0 1 1 01                    R 10f     456653293910 9 811    23.0   21.0
 2115840.1640205.460E-031 4.477E-08.07060.094  882.97140.72-.019457       0 1 1 71       0 1 1 01                    R 23e     456653293910 9 811    49.0   47.0
 2115840.2429806.005E-031 4.347E-08.07700.105  718.94190.67-.016056       0 1 1 71       0 1 1 01                    R 11e     456653293910 9 811    25.0   23.0
 2115840.3742205.844E-031 4.584E-08.07090.095  865.31990.71-.019214       0 1 1 71       0 1 1 01                    R 22f     456653293910 9 811    47.0   45.0
 2115840.4673406.377E-031 4.476E-08.07620.104  728.41230.67-.016400       0 1 1 71       0 1 1 01                    R 12f     456653293910 9 811    27.0   25.0
 2115840.6032905.932E-031 4.465E-08.07130.095  847.82630.71-.018966       0 1 1 71       0 1 1 01                    R 21e     456653293910 9 811    45.0   43.0
 2115840.6558806.389E-031 4.385E-08.07550.103  738.47170.67-.016728       0 1 1 71       0 1 1 01                    R 13e     456653293910 9 811    29.0   27.0
 2115840.7354806.281E-031 4.573E-08.07170.096  831.68290.70-.018713       0 1 1 71       0 1 1 01                    R 20f     456653293910 9 811    43.0   41.0
 2115840.7700401.329E-030 4.832E-08.06620.076  843.03010.74-.023770       0 0 0 71       0 0 0 01                    P 46e     455553293910 9 811    91.0   93.0
 2115840.7913106.658E-031 4.511E-08.07480.102  749.53740.68-.017042       0 1 1 71       0 1 1 01                    R 14f     456653293910 9 811    31.0   29.0
 2115840.8721006.287E-031 4.445E-08.07220.097  815.80320.70-.018454       0 1 1 71       0 1 1 01                    R 19e     456653293910 9 811    41.0   39.0
 2115840.8983806.546E-031 4.408E-08.07420.101  761.12550.68-.017343       0 1 1 71       0 1 1 01                    R 15e     456653293910 9 811    33.0   31.0
 2115840.9254006.580E-031 4.555E-08.07260.098  801.17310.69-.018188       0 1 1 71       0 1 1 01                    R 18f     456653293910 9 811    39.0   37.0
 2115840.9440006.709E-031 4.530E-08.07370.100  773.79110.68-.017634       0 1 1 71       0 1 1 01                    R 16f     456653293910 9 811    35.0   33.0
 2115840.9704506.513E-031 4.434E-08.07310.099  786.90280.69-.017915       0 1 1 71       0 1 1 01                    R 17e     456653293910 9 811    37.0   35.0
 2115846.1476501.791E-030 4.828E-08.06640.077  772.11070.75-.023449       0 0 0 71       0 0 0 01                    P 44e     455553293910 9 811    87.0   89.0
 2115851.3541102.373E-030 4.827E-08.06660.079  704.30050.75-.023122       0 0 0 71       0 0 0 01                    P 42e     456553293910 9 811    83.0   85.0
 2115856.3893803.084E-030 4.815E-08.06690.080  639.60040.76-.022790       0 0 0 71       0 0 0 01                    P 40e     456653293910 9 811    79.0   81.0
 2115861.2534003.950E-030 4.819E-08.06720.082  578.01160.76-.022452       0 0 0 71       0 0 0 01                    P 38e     456653293910 9 811    75.0   77.0
 2115865.9461604.963E-030 4.816E-08.06750.083  519.53500.76-.022108       0 0 0 71       0 0 0 01                    P 36e     456653293910 9 811    71.0   73.0
 2115870.4675906.115E-030 4.807E-08.06790.085  464.17170.75-.021758       0 0 0 71       0 0 0 01                    P 34e     456653293910 9 811    67.0   69.0
 2115874.8176807.410E-030 4.808E-08.06830.087  411.92250.75-.021403       0 0 0 71       0 0 0 01                    P 32e     456653293910 9 811    63.0   65.0
 2115878.9963708.791E-030 4.799E-08.06880.088  362.78830.74-.021040       0 0 0 71       0 0 0 01                    P 30e     456653293910 9 811    59.0   61.0
 2115883.0036401.027E-029 4.811E-08.06930.090  316.76990.74-.020671       0 0 0 71       0 0 0 01                    P 28e     456653293910 9 811    55.0   57.0
 2115886.8394401.171E-029 4.805E-08.06990.092  273.86800.73-.020293       0 0 0 71       0 0 0 01                    P 26e     456653293910 9 811    51.0   53.0
 2115890.5037501.310E-029 4.811E-08.07060.094  234.08340.72-.019906       0 0 0 71       0 0 0 01                    P 24e     456653293910 9 811    47.0   49.0
 2115890.9854501.567E-031 4.763E-08.06220.069 1333.76790.70-.026144       0 0 0 71       0 0 0 01                    R 58e     455543293910 9 811   119.0  117.0
 2115893.9965201.434E-029 4.818E-08.07130.095  197.41660.71-.019508       0 0 0 71       0 0 0 01                    P 22e     456653293910 9 811    43.0   45.0
 2115894.4600702.331E-031 4.747E-08.06320.070 1244.22040.71-.025832       0 0 0 71       0 0 0 01                    R 56e     455543293910 9 811   115.0  113.0
 2115897.3177301.533E-029 4.824E-08.07220.097  163.86840.70-.019095       0 0 0 71       0 0 0 01                    P 20e     456653293910 9 811    39.0   41.0
 2115897.7623803.422E-031 4.745E-08.06420.071 1157.77410.71-.025514       0 0 0 71       0 0 0 01                    R 54e     455543293910 9 811   111.0  109.0
 2115900.4673301.598E-029 4.836E-08.07310.099  133.43930.69-.018665       0 0 0 71       0 0 0 01                    P 18e     456653293910 9 811    35.0   37.0
 2115900.8923804.919E-031 4.720E-08.06500.072 1074.43060.72-.025187       0 0 0 71       0 0 0 01                    R 52e     455543293910 9 811   107.0  105.0
 2115903.4453101.620E-029 4.850E-08.07420.101  106.12970.68-.018209       0 0 0 71       0 0 0 01                    P 16e     456653293910 9 811    31.0   33.0
 2115903.8500707.001E-031 4.726E-08.06560.073  994.19120.73-.024854       0 0 0 71       0 0 0 01                    R 50e     455553293910 9 811   103.0  101.0
 2115906.2516201.594E-029 4.873E-08.07550.103   81.94010.67-.017720       0 0 0 71       0 0 0 01                    P 14e     456653293910 9 811    27.0   29.0
 2115906.6354609.754E-031 4.711E-08.06590.074  917.05730.73-.024513       0 0 0 71       0 0 0 01                    R 48e     455553293910 9 811    99.0   97.0
 2115908.8862401.511E-029 4.894E-08.07700.105   60.87090.67-.017182       0 0 0 71       0 0 0 01                    P 12e     456653293910 9 811    23.0   25.0
 2115909.2485601.341E-030 4.710E-08.06620.075  843.03010.74-.024163       0 0 0 71       0 0 0 01                    R 46e     455553293910 9 811    95.0   93.0
 2115911.3491301.373E-029 4.936E-08.07870.108   42.92250.67-.016577       0 0 0 71       0 0 0 01                    P 10e     456653293910 9 811    19.0   21.0
 2115911.6893701.804E-030 4.689E-08.06630.077  772.11070.75-.023806       0 0 0 71       0 0 0 01                    R 44e     455553293910 9 811    91.0   89.0
 2115913.6402701.179E-029 4.998E-08.08080.111   28.09510.67-.015873       0 0 0 71       0 0 0 01                    P  8e     456653293910 9 811    15.0   17.0
 2115913.9579102.397E-030 4.688E-08.06650.078  704.30050.75-.023440       0 0 0 71       0 0 0 01                    R 42e     456553293910 9 811    87.0   85.0
 2115915.7596209.362E-030 5.114E-08.08340.114   16.38900.67-.015024       0 0 0 71       0 0 0 01                    P  6e     456653293910 9 811    11.0   13.0
 2115916.0541803.120E-030 4.671E-08.06680.080  639.60040.75-.023066       0 0 0 71       0 0 0 01                    R 40e     456653293910 9 811    83.0   81.0
 2115917.7071706.505E-030 5.357E-08.08660.118    7.80430.68-.013953       0 0 0 71       0 0 0 01                    P  4e     456653293910 9 811     7.0    9.0
 2115917.9781903.995E-030 4.659E-08.06700.081  578.01160.76-.022682       0 0 0 71       0 0 0 01                    R 38e     456653293910 9 811    79.0   77.0
 2115919.4828803.334E-030 6.240E-08.09050.123    2.34130.68-.012433       0 0 0 71       0 0 0 01                    P  2e     456653293910 9 811     3.0    5.0
 2115919.7299605.037E-030 4.658E-08.06730.083  519.53500.76-.022289       0 0 0 71       0 0 0 01                    R 36e     456653293910 9 811    75.0   73.0
 2115921.3094906.237E-030 4.656E-08.06770.084  464.17170.75-.021886       0 0 0 71       0 0 0 01                    R 34e     456653293910 9 811    71.0   69.0
 2115921.8241901.685E-030 3.119E-08.09500.127    0.00000.69-.010251       0 0 0 71       0 0 0 01                    R  0e     456653293910 9 811     3.0    1.0
 2115922.7168007.577E-030 4.651E-08.06810.086  411.92250.75-.021472       0 0 0 71       0 0 0 01                    R 32e     456653293910 9 811    67.0   65.0
 2115923.1701904.999E-030 4.011E-08.08850.120    2.34130.68-.011510       0 0 0 71       0 0 0 01                    R  2e     456653293910 9 811     7.0    5.0
 2115923.9518909.014E-030 4.635E-08.06850.088  362.78830.75-.021047       0 0 0 71       0 0 0 01                    R 30e     456653293910 9 811    63.0   61.0
 2115924.3442608.104E-030 4.250E-08.08490.116    7.80430.67-.012844       0 0 0 71       0 0 0 01                    R  4e     456653293910 9 811    11.0    9.0
 2115925.0147901.053E-029 4.624E-08.06900.089  316.76990.74-.020610       0 0 0 71       0 0 0 01                    R 28e     456653293910 9 811    59.0   57.0
 2115925.3463801.089E-029 4.367E-08.08200.112   16.38900.67-.013957       0 0 0 71       0 0 0 01                    R  6e     456653293910 9 811    15.0   13.0
 2115925.9055101.206E-029 4.610E-08.06960.091  273.86800.73-.020160       0 0 0 71       0 0 0 01                    R 26e     456653293910 9 811    55.0   53.0
 2115926.1765301.323E-029 4.435E-08.07970.109   28.09510.67-.014889       0 0 0 71       0 0 0 01                    R  8e     456653293910 9 811    19.0   17.0
 2115926.6240601.356E-029 4.607E-08.07020.093  234.08340.72-.019696       0 0 0 71       0 0 0 01                    R 24e     456653293910 9 811    51.0   49.0
 2115926.8346801.506E-029 4.481E-08.07780.107   42.92250.67-.015691       0 0 0 71       0 0 0 01                    R 10e     456653293910 9 811    23.0   21.0
 2115927.1704601.487E-029 4.588E-08.07090.095  197.41660.71-.019214       0 0 0 71       0 0 0 01                    R 22e     456653293910 9 811    47.0   45.0
 2115927.3208101.632E-029 4.516E-08.07620.104   60.87090.67-.016400       0 0 0 71       0 0 0 01                    R 12e     456653293910 9 811    27.0   25.0
 2115927.5447301.602E-029 4.592E-08.07170.096  163.86840.70-.018713       0 0 0 71       0 0 0 01                    R 20e     456653293910 9 811    43.0   41.0
 2115927.6349001.698E-029 4.532E-08.07480.102   81.94010.68-.017042       0 0 0 71       0 0 0 01                    R 14e     456653293910 9 811    31.0   29.0
 2115927.7468801.679E-029 4.575E-08.07260.098  133.43930.69-.018188       0 0 0 71       0 0 0 01                    R 18e     456653293910 9 811    39.0   37.0
 2115927.7769301.713E-029 4.554E-08.07370.100  106.12970.68-.017634       0 0 0 71       0 0 0 01                    R 16e     456653293910 9 811    35.0   33.0
 2116232.4108701.258E-030 6.156E-09.06930.090  316.76990.74-.020051       4 0 0 54       0 0 0 01                    P 28e     456653293910 9 811    55.0   57.0
 2116235.4195101.419E-030 6.079E-09.06990.092  273.86800.73-.019686       4 0 0 54       0 0 0 01                    P 26e     456653293910 9 811    51.0   53.0
 2116238.3140901.563E-030 5.994E-09.07060.094  234.08340.72-.019312       4 0 0 54       0 0 0 01                    P 24e     456653293910 9 811    47.0   49.0
 2116241.0937901.687E-030 5.916E-09.07130.095  197.41660.71-.018927       4 0 0 54       0 0 0 01                    P 22e     456653293910 9 811    43.0   45.0
 2116243.7589601.779E-030 5.846E-09.07220.097  163.86840.70-.018528       4 0 0 54       0 0 0 01                    P 20e     456653293910 9 811    39.0   41.0
 2116246.3102901.826E-030 5.768E-09.07310.099  133.43930.69-.018112       4 0 0 54       0 0 0 01                    P 18e     456653293910 9 811    35.0   37.0
 2116248.7487401.829E-030 5.714E-09.07420.101  106.12970.68-.017672       4 0 0 54       0 0 0 01                    P 16e     456653293910 9 811    31.0   33.0
 2116251.0754701.775E-030 5.663E-09.07550.103   81.94010.67-.017199       4 0 0 54       0 0 0 01                    P 14e     456653293910 9 811    27.0   29.0
 2116253.2918901.664E-030 5.628E-09.07700.105   60.87090.67-.016680       4 0 0 54       0 0 0 01                    P 12e     456653293910 9 811    23.0   25.0
 2116255.3995801.496E-030 5.615E-09.07870.108   42.92250.67-.016095       4 0 0 54       0 0 0 01                    P 10e     456653293910 9 811    19.0   21.0
 2116257.4002001.274E-030 5.636E-09.08080.111   28.09510.67-.015415       4 0 0 54       0 0 0 01                    P  8e     456653293910 9 811    15.0   17.0
 2116259.2954001.003E-030 5.717E-09.08340.114   16.38900.67-.014595       4 0 0 54       0 0 0 01                    P  6e     456653293910 9 811    11.0   13.0
 2116269.1063101.186E-030 4.962E-09.08200.112   16.38900.67-.013513       4 0 0 54       0 0 0 01                    R  6e     456653293910 9 811    15.0   13.0
 2116270.2269701.457E-030 5.096E-09.07970.109   28.09510.67-.014419       4 0 0 54       0 0 0 01                    R  8e     456653293910 9 811    19.0   17.0
 2116271.2403301.681E-030 5.223E-09.07780.107   42.92250.67-.015199       4 0 0 54       0 0 0 01                    R 10e     456653293910 9 811    23.0   21.0
 2116272.1446601.846E-030 5.329E-09.07620.104   60.87090.67-.015889       4 0 0 54       0 0 0 01                    R 12e     456653293910 9 811    27.0   25.0
 2116272.9383301.953E-030 5.441E-09.07480.102   81.94010.68-.016513       4 0 0 54       0 0 0 01                    R 14e     456653293910 9 811    31.0   29.0
 2116273.6198902.000E-030 5.552E-09.07370.100  106.12970.68-.017089       4 0 0 54       0 0 0 01                    R 16e     456653293910 9 811    35.0   33.0
 2116274.1881101.989E-030 5.659E-09.07260.098  133.43930.69-.017628       4 0 0 54       0 0 0 01                    R 18e     456653293910 9 811    39.0   37.0
 2116274.6420001.930E-030 5.775E-09.07170.096  163.86840.70-.018139       4 0 0 54       0 0 0 01                    R 20e     456653293910 9 811    43.0   41.0
 2116274.9207701.011E-030 6.485E-09.06810.086  411.92250.75-.020822       4 0 0 54       0 0 0 01                    R 32e     456653293910 9 811    67.0   65.0
 2116274.9808001.828E-030 5.892E-09.07090.095  197.41660.71-.018626       4 0 0 54       0 0 0 01                    R 22e     456653293910 9 811    47.0   45.0
 2116275.1630001.182E-030 6.351E-09.06850.088  362.78830.75-.020409       4 0 0 54       0 0 0 01                    R 30e     456653293910 9 811    63.0   61.0
 2116275.2041401.693E-030 6.009E-09.07020.093  234.08340.72-.019095       4 0 0 54       0 0 0 01                    R 24e     456653293910 9 811    51.0   49.0
 2116275.3127401.532E-030 6.117E-09.06960.091  273.86800.73-.019547       4 0 0 54       0 0 0 01                    R 26e     456653293910 9 811    55.0   53.0
 2116275.3653301.236E-030 5.669E-09.06900.089  316.76990.74-.019984       4 0 0 54       0 0 0 01                    R 28e     456653293910 9 811    59.0   57.0
 2116318.9902702.457E-031 3.724E-08.06470.071 1157.77410.72-.024242       4 0 0 53       0 0 0 01                    P 54e     455543293910 9 811   107.0  109.0
 2116323.8167303.553E-031 3.733E-08.06530.072 1074.43060.72-.023951       4 0 0 53       0 0 0 01                    P 52e     455543293910 9 811   103.0  105.0
 2116328.5346205.042E-031 3.733E-08.06580.074  994.19120.73-.023656       4 0 0 53       0 0 0 01                    P 50e     455553293910 9 811    99.0  101.0
 2116333.1399707.043E-031 3.738E-08.06600.075  917.05730.74-.023355       4 0 0 53       0 0 0 01                    P 48e     455553293910 9 811    95.0   97.0
 2116337.6297409.645E-031 3.731E-08.06620.076  843.03010.74-.023049       4 0 0 53       0 0 0 01                    P 46e     455553293910 9 811    91.0   93.0
 2116342.0015101.299E-030 3.726E-08.06640.077  772.11070.75-.022738       4 0 0 53       0 0 0 01                    P 44e     455553293910 9 811    87.0   89.0
 2116346.2533901.720E-030 3.719E-08.06660.079  704.30050.75-.022422       4 0 0 53       0 0 0 01                    P 42e     456553293910 9 811    83.0   85.0
 2116350.3838402.237E-030 3.713E-08.06690.080  639.60040.76-.022100       4 0 0 53       0 0 0 01                    P 40e     456653293910 9 811    79.0   81.0
 2116354.3916302.860E-030 3.709E-08.06720.082  578.01160.76-.021773       4 0 0 53       0 0 0 01                    P 38e     456653293910 9 811    75.0   77.0
 2116358.2757403.587E-030 3.699E-08.06750.083  519.53500.76-.021441       4 0 0 53       0 0 0 01                    P 36e     456653293910 9 811    71.0   73.0
 2116362.0353204.416E-030 3.690E-08.06790.085  464.17170.75-.021102       4 0 0 53       0 0 0 01                    P 34e     456653293910 9 811    67.0   69.0
 2116365.6696605.340E-030 3.682E-08.06830.087  411.92250.75-.020758       4 0 0 53       0 0 0 01                    P 32e     456653293910 9 811    63.0   65.0
 2116369.1779806.352E-030 3.685E-08.06880.088  362.78830.74-.020408       4 0 0 53       0 0 0 01                    P 30e     456653293910 9 811    59.0   61.0
 2116372.3920201.054E-030 5.246E-09.06930.090  316.76990.74-.015285      10 3 3 02       0 0 0 01                    P 28e     456653293910 9 811    55.0   57.0
 2116372.5706106.348E-030 3.160E-08.06930.090  316.76990.74-.020051       4 0 0 53       0 0 0 01                    P 28e     456653293910 9 811    55.0   57.0
 2116375.8178908.436E-030 3.678E-08.06990.092  273.86800.73-.019686       4 0 0 53       0 0 0 01                    P 26e     456653293910 9 811    51.0   53.0
 2116378.9465509.428E-030 3.677E-08.07060.094  234.08340.72-.019312       4 0 0 53       0 0 0 01                    P 24e     456653293910 9 811    47.0   49.0
 2116381.9482301.031E-029 3.678E-08.07130.095  197.41660.71-.018927       4 0 0 53       0 0 0 01                    P 22e     456653293910 9 811    43.0   45.0
 2116384.8225401.101E-029 3.680E-08.07220.097  163.86840.70-.018528       4 0 0 53       0 0 0 01                    P 20e     456653293910 9 811    39.0   41.0
 2116387.5692501.146E-029 3.685E-08.07310.099  133.43930.69-.018112       4 0 0 53       0 0 0 01                    P 18e     456653293910 9 811    35.0   37.0
 2116390.1881901.162E-029 3.694E-08.07420.101  106.12970.68-.017672       4 0 0 53       0 0 0 01                    P 16e     456653293910 9 811    31.0   33.0
 2116392.6792001.142E-029 3.706E-08.07550.103   81.94010.67-.017199       4 0 0 53       0 0 0 01                    P 14e     456653293910 9 811    27.0   29.0
 2116395.0421801.083E-029 3.728E-08.07700.105   60.87090.67-.016680       4 0 0 53       0 0 0 01                    P 12e     456653293910 9 811    23.0   25.0
 2116397.2770109.846E-030 3.760E-08.07870.108   42.92250.67-.016095       4 0 0 53       0 0 0 01                    P 10e     456653293910 9 811    19.0   21.0
 2116399.3836008.465E-030 3.811E-08.08080.111   28.09510.67-.015415       4 0 0 53       0 0 0 01                    P  8e     456653293910 9 811    15.0   17.0
 2116400.5069702.601E-031 3.838E-08.06420.071 1157.77410.71-.024748       4 0 0 53       0 0 0 01                    R 54e     455543293910 9 811   111.0  109.0
 2116401.3618806.719E-030 3.897E-08.08340.114   16.38900.67-.014595       4 0 0 53       0 0 0 01                    P  6e     456653293910 9 811    11.0   13.0
 2116402.3337603.765E-031 3.844E-08.06500.072 1074.43060.72-.024432       4 0 0 53       0 0 0 01                    R 52e     455543293910 9 811   107.0  105.0
 2116403.2117804.668E-030 4.082E-08.08660.118    7.80430.68-.013558       4 0 0 53       0 0 0 01                    P  4e     456653293910 9 811     7.0    9.0
 2116404.0561005.351E-031 3.844E-08.06560.073  994.19120.73-.024108       4 0 0 53       0 0 0 01                    R 50e     455553293910 9 811   103.0  101.0
 2116404.9332502.396E-030 4.762E-08.09050.123    2.34130.68-.012082       4 0 0 53       0 0 0 01                    P  2e     456653293910 9 811     3.0    5.0
 2116405.6685607.461E-031 3.833E-08.06590.074  917.05730.73-.023776       4 0 0 53       0 0 0 01                    R 48e     455553293910 9 811    99.0   97.0
 2116407.1672201.023E-030 3.823E-08.06620.075  843.03010.74-.023437       4 0 0 53       0 0 0 01                    R 46e     455553293910 9 811    95.0   93.0
 2116407.2745501.214E-030 2.386E-08.09500.127    0.00000.69-.009927       4 0 0 53       0 0 0 01                    R  0e     456653293910 9 811     3.0    1.0
 2116408.5490701.376E-030 3.803E-08.06630.077  772.11070.75-.023090       4 0 0 53       0 0 0 01                    R 44e     455553293910 9 811    91.0   89.0
 2116408.6747903.605E-030 3.072E-08.08850.120    2.34130.68-.011135       4 0 0 53       0 0 0 01                    R  2e     456653293910 9 811     7.0    5.0
 2116409.8117701.822E-030 3.789E-08.06650.078  704.30050.75-.022735       4 0 0 53       0 0 0 01                    R 42e     456553293910 9 811    87.0   85.0
 2116409.9465105.865E-030 3.266E-08.08490.116    7.80430.67-.012431       4 0 0 53       0 0 0 01                    R  4e     456653293910 9 811    11.0    9.0
 2116410.9534602.371E-030 3.774E-08.06680.080  639.60040.75-.022371       4 0 0 53       0 0 0 01                    R 40e     456653293910 9 811    83.0   81.0
 2116411.0897107.883E-030 3.357E-08.08200.112   16.38900.67-.013513       4 0 0 53       0 0 0 01                    R  6e     456653293910 9 811    15.0   13.0
 2116411.9726603.028E-030 3.755E-08.06700.081  578.01160.76-.021998       4 0 0 53       0 0 0 01                    R 38e     456653293910 9 811    79.0   77.0
 2116412.1044009.588E-030 3.413E-08.07970.109   28.09510.67-.014419       4 0 0 53       0 0 0 01                    R  8e     456653293910 9 811    19.0   17.0
 2116412.8681903.802E-030 3.737E-08.06730.083  519.53500.76-.021616       4 0 0 53       0 0 0 01                    R 36e     456653293910 9 811    75.0   73.0
 2116412.9906201.095E-029 3.459E-08.07780.107   42.92250.67-.015199       4 0 0 53       0 0 0 01                    R 10e     456653293910 9 811    23.0   21.0
 2116413.6390704.681E-030 3.714E-08.06770.084  464.17170.75-.021224       4 0 0 53       0 0 0 01                    R 34e     456653293910 9 811    71.0   69.0
 2116413.7483901.187E-029 3.487E-08.07620.104   60.87090.67-.015889       4 0 0 53       0 0 0 01                    R 12e     456653293910 9 811    27.0   25.0
 2116414.2845205.662E-030 3.693E-08.06810.086  411.92250.75-.020822       4 0 0 53       0 0 0 01                    R 32e     456653293910 9 811    67.0   65.0
 2116414.3777801.239E-029 3.514E-08.07480.102   81.94010.68-.016513       4 0 0 53       0 0 0 01                    R 14e     456653293910 9 811    31.0   29.0
 2116414.8038706.725E-030 3.674E-08.06850.088  362.78830.75-.020409       4 0 0 53       0 0 0 01                    R 30e     456653293910 9 811    63.0   61.0
 2116414.8788501.253E-029 3.540E-08.07370.100  106.12970.68-.017089       4 0 0 53       0 0 0 01                    R 16e     456653293910 9 811    35.0   33.0
 2116415.1964007.838E-030 3.656E-08.06900.089  316.76990.74-.019984       4 0 0 53       0 0 0 01                    R 28e     456653293910 9 811    59.0   57.0
 2116415.2516901.229E-029 3.558E-08.07260.098  133.43930.69-.017628       4 0 0 53       0 0 0 01                    R 18e     456653293910 9 811    39.0   37.0
 2116415.2938901.278E-030 5.190E-09.06960.091  273.86800.73-.014829      10 3 3 02       0 0 0 01                    R 26e     456653293910 9 811    55.0   53.0
 2116415.4724907.688E-030 3.123E-08.06960.091  273.86800.73-.019547       4 0 0 53       0 0 0 01                    R 26e     456653293910 9 811    55.0   53.0
 2116415.4964401.176E-029 3.581E-08.07170.096  163.86840.70-.018139       4 0 0 53       0 0 0 01                    R 20e     456653293910 9 811    43.0   41.0
 2116415.6025101.003E-029 3.623E-08.07020.093  234.08340.72-.019095       4 0 0 53       0 0 0 01                    R 24e     456653293910 9 811    51.0   49.0
 2116415.6132701.099E-029 3.603E-08.07090.095  197.41660.71-.018626       4 0 0 53       0 0 0 01                    R 22e     456653293910 9 811    47.0   45.0
 2116458.6442303.608E-031 1.944E-08.06600.075  917.05730.74-.023355       4 0 0 52       0 0 0 01                    P 48e     455553293910 9 811    95.0   97.0
 2116462.8601005.069E-031 1.991E-08.06620.076  843.03010.74-.023049       4 0 0 52       0 0 0 01                    P 46e     455553293910 9 811    91.0   93.0
 2116466.9435706.781E-031 1.974E-08.06640.077  772.11070.75-.022738       4 0 0 52       0 0 0 01                    P 44e     455553293910 9 811    87.0   89.0
 2116470.8348108.355E-031 1.835E-08.06660.079  704.30050.75-.022422       4 0 0 52       0 0 0 01                    P 42e     456553293910 9 811    83.0   85.0
 2116474.1669206.453E-031 1.087E-08.06690.080  639.60040.76-.018212      12 1 1 07       0 0 0 01                    P 40e     456653293910 9 811    79.0   81.0
 2116477.7599307.742E-031 1.019E-08.06720.082  578.01160.76-.018625       8 1 1 21       0 0 0 01                    P 38e     456653293910 9 811    75.0   77.0
 2116480.6657609.457E-031 1.245E-08.06720.082  578.01160.76-.021773       4 0 0 52       0 0 0 01                    P 38e     456653293910 9 811    75.0   77.0
 2116484.1897801.588E-030 1.663E-08.06750.083  519.53500.76-.021441       4 0 0 52       0 0 0 01                    P 36e     456653293910 9 811    71.0   73.0
 2116487.7271102.258E-030 1.916E-08.06790.085  464.17170.75-.021102       4 0 0 52       0 0 0 01                    P 34e     456653293910 9 811    67.0   69.0
 2116491.2164502.951E-030 2.066E-08.06830.087  411.92250.75-.020758       4 0 0 52       0 0 0 01                    P 32e     456653293910 9 811    63.0   65.0
 2116494.0463903.677E-030 2.166E-08.06880.088  362.78830.74-.017056       71111 05       0 0 0 01                    P 30e     456653293910 9 811    59.0   61.0
 2116497.9360504.424E-030 2.236E-08.06930.090  316.76990.74-.020051       4 0 0 52       0 0 0 01                    P 28e     456653293910 9 811    55.0   57.0
 2116501.1395405.165E-030 2.287E-08.06990.092  273.86800.73-.019686       4 0 0 52       0 0 0 01                    P 26e     456653293910 9 811    51.0   53.0
 2116504.2297605.882E-030 2.330E-08.07060.094  234.08340.72-.019312       4 0 0 52       0 0 0 01                    P 24e     456653293910 9 811    47.0   49.0
 2116507.2028906.531E-030 2.366E-08.07130.095  197.41660.71-.018927       4 0 0 52       0 0 0 01                    P 22e     456653293910 9 811    43.0   45.0
 2116510.0562307.067E-030 2.399E-08.07220.097  163.86840.70-.018528       4 0 0 52       0 0 0 01                    P 20e     456653293910 9 811    39.0   41.0
 2116512.7877907.437E-030 2.427E-08.07310.099  133.43930.69-.018112       4 0 0 52       0 0 0 01                    P 18e     456653293910 9 811    35.0   37.0
 2116515.3960407.612E-030 2.457E-08.07420.101  106.12970.68-.017672       4 0 0 52       0 0 0 01                    P 16e     456653293910 9 811    31.0   33.0
 2116517.8797507.534E-030 2.483E-08.07550.103   81.94010.67-.017199       4 0 0 52       0 0 0 01                    P 14e     456653293910 9 811    27.0   29.0
 2116520.2379407.195E-030 2.514E-08.07700.105   60.87090.67-.016680       4 0 0 52       0 0 0 01                    P 12e     456653293910 9 811    23.0   25.0
 2116522.4698106.567E-030 2.546E-08.07870.108   42.92250.67-.016095       4 0 0 52       0 0 0 01                    P 10e     456653293910 9 811    19.0   21.0
 2116524.5746905.668E-030 2.590E-08.08080.111   28.09510.67-.015415       4 0 0 52       0 0 0 01                    P  8e     456653293910 9 811    15.0   17.0
 2116526.5520904.509E-030 2.656E-08.08340.114   16.38900.67-.014595       4 0 0 52       0 0 0 01                    P  6e     456653293910 9 811    11.0   13.0
 2116528.4015803.139E-030 2.787E-08.08660.118    7.80430.68-.013558       4 0 0 52       0 0 0 01                    P  4e     456653293910 9 811     7.0    9.0
 2116530.1229001.612E-030 3.252E-08.09050.123    2.34130.68-.012082       4 0 0 52       0 0 0 01                    P  2e     456653293910 9 811     3.0    5.0
 2116531.4747503.556E-031 1.855E-08.06590.074  917.05730.73-.023776       4 0 0 52       0 0 0 01                    R 48e     455553293910 9 811    99.0   97.0
 2116532.6714805.144E-031 1.952E-08.06620.075  843.03010.74-.023437       4 0 0 52       0 0 0 01                    R 46e     455553293910 9 811    95.0   93.0
 2116533.7794307.110E-031 1.995E-08.06630.077  772.11070.75-.023090       4 0 0 52       0 0 0 01                    R 44e     455553293910 9 811    91.0   89.0
 2116533.8646002.419E-030 2.093E-08.08850.120    2.34130.68-.011135       4 0 0 52       0 0 0 01                    R  2e     456653293910 9 811     7.0    5.0
 2116534.7538209.364E-031 1.977E-08.06650.078  704.30050.75-.022735       4 0 0 52       0 0 0 01                    R 42e     456553293910 9 811    87.0   85.0
 2116535.1367203.925E-030 2.219E-08.08490.116    7.80430.67-.012431       4 0 0 52       0 0 0 01                    R  4e     456653293910 9 811    11.0    9.0
 2116535.5348801.138E-030 1.838E-08.06680.080  639.60040.75-.022371       4 0 0 52       0 0 0 01                    R 40e     456653293910 9 811    83.0   81.0
 2116535.7557308.692E-031 1.094E-08.06700.081  578.01160.76-.018140      12 1 1 07       0 0 0 01                    R 38e     456653293910 9 811    79.0   77.0
 2116536.2364801.025E-030 1.022E-08.06730.083  519.53500.76-.018494       8 1 1 21       0 0 0 01                    R 36e     456653293910 9 811    75.0   73.0
 2116536.2808105.255E-030 2.272E-08.08200.112   16.38900.67-.013513       4 0 0 52       0 0 0 01                    R  6e     456653293910 9 811    15.0   13.0
 2116537.2972006.365E-030 2.300E-08.07970.109   28.09510.67-.014419       4 0 0 52       0 0 0 01                    R  8e     456653293910 9 811    19.0   17.0
 2116538.1863807.223E-030 2.318E-08.07780.107   42.92250.67-.015199       4 0 0 52       0 0 0 01                    R 10e     456653293910 9 811    23.0   21.0
 2116538.9489407.783E-030 2.322E-08.07620.104   60.87090.67-.015889       4 0 0 52       0 0 0 01                    R 12e     456653293910 9 811    27.0   25.0
 2116539.1423201.226E-030 1.224E-08.06730.083  519.53500.76-.021616       4 0 0 52       0 0 0 01                    R 36e     456653293910 9 811    75.0   73.0
 2116539.5531202.030E-030 1.635E-08.06770.084  464.17170.75-.021224       4 0 0 52       0 0 0 01                    R 34e     456653293910 9 811    71.0   69.0
 2116539.5856308.053E-030 2.318E-08.07480.102   81.94010.68-.016513       4 0 0 52       0 0 0 01                    R 14e     456653293910 9 811    31.0   29.0
 2116539.9763102.842E-030 1.882E-08.06810.086  411.92250.75-.020822       4 0 0 52       0 0 0 01                    R 32e     456653293910 9 811    67.0   65.0
 2116540.0648104.468E-030 2.116E-08.06900.089  316.76990.74-.016665       71111 05       0 0 0 01                    R 28e     456653293910 9 811    59.0   57.0
 2116540.0973908.060E-030 2.311E-08.07370.100  106.12970.68-.017089       4 0 0 52       0 0 0 01                    R 16e     456653293910 9 811    35.0   33.0
 2116540.3506703.656E-030 2.028E-08.06850.088  362.78830.75-.020409       4 0 0 52       0 0 0 01                    R 30e     456653293910 9 811    63.0   61.0
 2116540.4853807.810E-030 2.295E-08.07260.098  133.43930.69-.017628       4 0 0 52       0 0 0 01                    R 18e     456653293910 9 811    39.0   37.0
 2116540.7511007.378E-030 2.280E-08.07170.096  163.86840.70-.018139       4 0 0 52       0 0 0 01                    R 20e     456653293910 9 811    43.0   41.0
 2116540.8379205.283E-030 2.179E-08.06960.091  273.86800.73-.019547       4 0 0 52       0 0 0 01                    R 26e     456653293910 9 811    55.0   53.0
 2116540.8964806.778E-030 2.256E-08.07090.095  197.41660.71-.018626       4 0 0 52       0 0 0 01                    R 22e     456653293910 9 811    47.0   45.0
 2116540.9241606.065E-030 2.223E-08.07020.093  234.08340.72-.019095       4 0 0 52       0 0 0 01                    R 24e     456653293910 9 811    51.0   49.0
 2117011.1907001.115E-030 6.987E-09.06880.088  362.78830.74-.022378       1 0 0 72       0 0 0 01                    P 30e     456653293910 9 811    59.0   61.0
 2117015.0896701.295E-030 6.963E-09.06930.090  316.76990.74-.021982       1 0 0 72       0 0 0 01                    P 28e     456653293910 9 811    55.0   57.0
 2117018.8241901.468E-030 6.914E-09.06990.092  273.86800.73-.021578       1 0 0 72       0 0 0 01                    P 26e     456653293910 9 811    51.0   53.0
 2117022.3943401.635E-030 6.887E-09.07060.094  234.08340.72-.021163       1 0 0 72       0 0 0 01                    P 24e     456653293910 9 811    47.0   49.0
 2117025.8002201.781E-030 6.864E-09.07130.095  197.41660.71-.020737       1 0 0 72       0 0 0 01                    P 22e     456653293910 9 811    43.0   45.0
 2117029.0418901.898E-030 6.854E-09.07220.097  163.86840.70-.020295       1 0 0 72       0 0 0 01                    P 20e     456653293910 9 811    39.0   41.0
 2117032.1194301.969E-030 6.839E-09.07310.099  133.43930.69-.019833       1 0 0 72       0 0 0 01                    P 18e     456653293910 9 811    35.0   37.0
 2117035.0329001.993E-030 6.845E-09.07420.101  106.12970.68-.019345       1 0 0 72       0 0 0 01                    P 16e     456653293910 9 811    31.0   33.0
 2117037.7823301.954E-030 6.854E-09.07550.103   81.94010.67-.018820       1 0 0 72       0 0 0 01                    P 14e     456653293910 9 811    27.0   29.0
 2117040.3677801.851E-030 6.881E-09.07700.105   60.87090.67-.018244       1 0 0 72       0 0 0 01                    P 12e     456653293910 9 811    23.0   25.0
 2117042.7892701.678E-030 6.921E-09.07870.108   42.92250.67-.017595       1 0 0 72       0 0 0 01                    P 10e     456653293910 9 811    19.0   21.0
 2117045.0468301.440E-030 7.002E-09.08080.111   28.09510.67-.016841       1 0 0 72       0 0 0 01                    P  8e     456653293910 9 811    15.0   17.0
 2117047.1404601.143E-030 7.161E-09.08340.114   16.38900.67-.015933       1 0 0 72       0 0 0 01                    P  6e     456653293910 9 811    11.0   13.0
 2117055.1481909.785E-031 6.891E-09.06810.086  411.92250.75-.022847       1 0 0 72       0 0 0 01                    R 32e     456653293910 9 811    67.0   65.0
 2117056.2613901.158E-030 6.834E-09.06850.088  362.78830.75-.022397       1 0 0 72       0 0 0 01                    R 30e     456653293910 9 811    63.0   61.0
 2117056.7529401.332E-030 6.129E-09.08200.112   16.38900.67-.014897       1 0 0 72       0 0 0 01                    R  6e     456653293910 9 811    15.0   13.0
 2117057.2091301.344E-030 6.771E-09.06900.089  316.76990.74-.021935       1 0 0 72       0 0 0 01                    R 28e     456653293910 9 811    59.0   57.0
 2117057.6166701.624E-030 6.242E-09.07970.109   28.09510.67-.015884       1 0 0 72       0 0 0 01                    R  8e     456653293910 9 811    19.0   17.0
 2117057.9915501.532E-030 6.718E-09.06960.091  273.86800.73-.021458       1 0 0 72       0 0 0 01                    R 26e     456653293910 9 811    55.0   53.0
 2117058.3162201.853E-030 6.324E-09.07780.107   42.92250.67-.016732       1 0 0 72       0 0 0 01                    R 10e     456653293910 9 811    23.0   21.0
 2117058.6088101.711E-030 6.670E-09.07020.093  234.08340.72-.020967       1 0 0 72       0 0 0 01                    R 24e     456653293910 9 811    51.0   49.0
 2117058.8515202.012E-030 6.384E-09.07620.104   60.87090.67-.017482       1 0 0 72       0 0 0 01                    R 12e     456653293910 9 811    27.0   25.0
 2117059.0610601.866E-030 6.607E-09.07090.095  197.41660.71-.020457       1 0 0 72       0 0 0 01                    R 22e     456653293910 9 811    47.0   45.0
 2117059.2224902.096E-030 6.418E-09.07480.102   81.94010.68-.018160       1 0 0 72       0 0 0 01                    R 14e     456653293910 9 811    31.0   29.0
 2117059.3484302.004E-030 6.587E-09.07170.096  163.86840.70-.019927       1 0 0 72       0 0 0 01                    R 20e     456653293910 9 811    43.0   41.0
 2117059.4290302.128E-030 6.490E-09.07370.100  106.12970.68-.018786       1 0 0 72       0 0 0 01                    R 16e     456653293910 9 811    35.0   33.0
 2117059.4710402.087E-030 6.526E-09.07260.098  133.43930.69-.019372       1 0 0 72       0 0 0 01                    R 18e     456653293910 9 811    39.0   37.0
 2117076.4520904.708E-031 1.989E-08.06620.076  843.03010.74-.025296       1 0 0 71       0 0 0 01                    P 46e     455553293910 9 811    91.0   93.0
 2117081.8924706.360E-031 1.993E-08.06640.077  772.11070.75-.024952       1 0 0 71       0 0 0 01                    P 44e     455553293910 9 811    87.0   89.0
 2117087.1599808.440E-031 1.995E-08.06660.079  704.30050.75-.024603       1 0 0 71       0 0 0 01                    P 42e     456553293910 9 811    83.0   85.0
 2117092.2544301.098E-030 1.992E-08.06690.080  639.60040.76-.024248       1 0 0 71       0 0 0 01                    P 40e     456653293910 9 811    79.0   81.0
 2117097.1756101.410E-030 1.998E-08.06720.082  578.01160.76-.023887       1 0 0 71       0 0 0 01                    P 38e     456653293910 9 811    75.0   77.0
 2117101.9233501.774E-030 2.000E-08.06750.083  519.53500.76-.023520       1 0 0 71       0 0 0 01                    P 36e     456653293910 9 811    71.0   73.0
 2117106.4974802.188E-030 1.998E-08.06790.085  464.17170.75-.023146       1 0 0 71       0 0 0 01                    P 34e     456653293910 9 811    67.0   69.0
 2117110.8978302.655E-030 2.001E-08.06830.087  411.92250.75-.022765       1 0 0 71       0 0 0 01                    P 32e     456653293910 9 811    63.0   65.0
 2117115.1242603.156E-030 2.002E-08.06880.088  362.78830.74-.022378       1 0 0 71       0 0 0 01                    P 30e     456653293910 9 811    59.0   61.0
 2117119.1766003.696E-030 2.011E-08.06930.090  316.76990.74-.021982       1 0 0 71       0 0 0 01                    P 28e     456653293910 9 811    55.0   57.0
 2117123.0547404.210E-030 2.007E-08.06990.092  273.86800.73-.021578       1 0 0 71       0 0 0 01                    P 26e     456653293910 9 811    51.0   53.0
 2117126.7585404.718E-030 2.012E-08.07060.094  234.08340.72-.021163       1 0 0 71       0 0 0 01                    P 24e     456653293910 9 811    47.0   49.0
 2117130.2878805.165E-030 2.015E-08.07130.095  197.41660.71-.020737       1 0 0 71       0 0 0 01                    P 22e     456653293910 9 811    43.0   45.0
 2117133.6426505.526E-030 2.021E-08.07220.097  163.86840.70-.020295       1 0 0 71       0 0 0 01                    P 20e     456653293910 9 811    39.0   41.0
 2117136.8227505.760E-030 2.025E-08.07310.099  133.43930.69-.019833       1 0 0 71       0 0 0 01                    P 18e     456653293910 9 811    35.0   37.0
 2117139.8280905.851E-030 2.034E-08.07420.101  106.12970.68-.019345       1 0 0 71       0 0 0 01                    P 16e     456653293910 9 811    31.0   33.0
 2117142.6585605.758E-030 2.044E-08.07550.103   81.94010.67-.018820       1 0 0 71       0 0 0 01                    P 14e     456653293910 9 811    27.0   29.0
 2117144.8662904.741E-031 1.934E-08.06620.075  843.03010.74-.025699       1 0 0 71       0 0 0 01                    R 46e     455553293910 9 811    95.0   93.0
 2117145.3141105.462E-030 2.055E-08.07700.105   60.87090.67-.018244       1 0 0 71       0 0 0 01                    P 12e     456653293910 9 811    23.0   25.0
 2117147.3714206.378E-031 1.925E-08.06630.077  772.11070.75-.025321       1 0 0 71       0 0 0 01                    R 44e     455553293910 9 811    91.0   89.0
 2117147.7946504.961E-030 2.072E-08.07870.108   42.92250.67-.017595       1 0 0 71       0 0 0 01                    P 10e     456653293910 9 811    19.0   21.0
 2117149.7027208.513E-031 1.934E-08.06650.078  704.30050.75-.024933       1 0 0 71       0 0 0 01                    R 42e     456553293910 9 811    87.0   85.0
 2117150.1001204.265E-030 2.100E-08.08080.111   28.09510.67-.016841       1 0 0 71       0 0 0 01                    P  8e     456653293910 9 811    15.0   17.0
 2117151.8600501.108E-030 1.926E-08.06680.080  639.60040.75-.024536       1 0 0 71       0 0 0 01                    R 40e     456653293910 9 811    83.0   81.0
 2117152.2304603.386E-030 2.148E-08.08340.114   16.38900.67-.015933       1 0 0 71       0 0 0 01                    P  6e     456653293910 9 811    11.0   13.0
 2117153.8432401.420E-030 1.924E-08.06700.081  578.01160.76-.024129       1 0 0 71       0 0 0 01                    R 38e     456653293910 9 811    79.0   77.0
 2117154.1856202.353E-030 2.250E-08.08660.118    7.80430.68-.014789       1 0 0 71       0 0 0 01                    P  4e     456653293910 9 811     7.0    9.0
 2117155.6521701.796E-030 1.929E-08.06730.083  519.53500.76-.023712       1 0 0 71       0 0 0 01                    R 36e     456653293910 9 811    75.0   73.0
 2117155.9655701.205E-030 2.619E-08.09050.123    2.34130.68-.013175       1 0 0 71       0 0 0 01                    P  2e     456653293910 9 811     3.0    5.0
 2117157.2866902.227E-030 1.931E-08.06770.084  464.17170.75-.023285       1 0 0 71       0 0 0 01                    R 34e     456653293910 9 811    71.0   69.0
 2117158.7466902.711E-030 1.932E-08.06810.086  411.92250.75-.022847       1 0 0 71       0 0 0 01                    R 32e     456653293910 9 811    67.0   65.0
 2117159.6486401.809E-030 1.686E-08.08850.120    2.34130.68-.012302       1 0 0 71       0 0 0 01                    R  2e     456653293910 9 811     7.0    5.0
 2117160.0320503.231E-030 1.929E-08.06850.088  362.78830.75-.022397       1 0 0 71       0 0 0 01                    R 30e     456653293910 9 811    63.0   61.0
 2117160.8150902.931E-030 1.785E-08.08490.116    7.80430.67-.013718       1 0 0 71       0 0 0 01                    R  4e     456653293910 9 811    11.0    9.0
 2117161.1426803.775E-030 1.925E-08.06900.089  316.76990.74-.021935       1 0 0 71       0 0 0 01                    R 28e     456653293910 9 811    59.0   57.0
 2117161.8062303.937E-030 1.834E-08.08200.112   16.38900.67-.014897       1 0 0 71       0 0 0 01                    R  6e     456653293910 9 811    15.0   13.0
 2117162.0784804.328E-030 1.922E-08.06960.091  273.86800.73-.021458       1 0 0 71       0 0 0 01                    R 26e     456653293910 9 811    55.0   53.0
 2117162.6220504.785E-030 1.862E-08.07970.109   28.09510.67-.015884       1 0 0 71       0 0 0 01                    R  8e     456653293910 9 811    19.0   17.0
 2117162.8393604.871E-030 1.922E-08.07020.093  234.08340.72-.020967       1 0 0 71       0 0 0 01                    R 24e     456653293910 9 811    51.0   49.0
 2117163.2625505.447E-030 1.882E-08.07780.107   42.92250.67-.016732       1 0 0 71       0 0 0 01                    R 10e     456653293910 9 811    23.0   21.0
 2117163.4252505.345E-030 1.916E-08.07090.095  197.41660.71-.020457       1 0 0 71       0 0 0 01                    R 22e     456653293910 9 811    47.0   45.0
 2117163.7277505.900E-030 1.895E-08.07620.104   60.87090.67-.017482       1 0 0 71       0 0 0 01                    R 12e     456653293910 9 811    27.0   25.0
 2117163.8360905.776E-030 1.922E-08.07170.096  163.86840.70-.019927       1 0 0 71       0 0 0 01                    R 20e     456653293910 9 811    43.0   41.0
 2117164.0176706.126E-030 1.899E-08.07480.102   81.94010.68-.018160       1 0 0 71       0 0 0 01                    R 14e     456653293910 9 811    31.0   29.0
 2117164.0718006.047E-030 1.914E-08.07260.098  133.43930.69-.019372       1 0 0 71       0 0 0 01                    R 18e     456653293910 9 811    39.0   37.0
 2117164.1323506.190E-030 1.912E-08.07370.100  106.12970.68-.018786       1 0 0 71       0 0 0 01                    R 16e     456653293910 9 811    35.0   33.0
 2117666.4429201.028E-030 3.996E-09.07220.097  163.86840.70-.019728       5 0 0 53       0 0 0 01                    P 20e     456653293910 9 811    39.0   41.0
 2117669.3317001.081E-030 4.041E-09.07310.099  133.43930.69-.019281       5 0 0 53       0 0 0 01                    P 18e     456653293910 9 811    35.0   37.0
 2117672.0835701.102E-030 4.074E-09.07420.101  106.12970.68-.018808       5 0 0 53       0 0 0 01                    P 16e     456653293910 9 811    31.0   33.0
 2117674.6965301.088E-030 4.107E-09.07550.103   81.94010.67-.018300       5 0 0 53       0 0 0 01                    P 14e     456653293910 9 811    27.0   29.0
 2117677.1687001.040E-030 4.162E-09.07700.105   60.87090.67-.017742       5 0 0 53       0 0 0 01                    P 12e     456653293910 9 811    23.0   25.0
 2117695.1171401.047E-030 3.845E-09.07780.107   42.92250.67-.016240       5 0 0 53       0 0 0 01                    R 10e     456653293910 9 811    23.0   21.0
 2117695.7657201.127E-030 3.849E-09.07620.104   60.87090.67-.016970       5 0 0 53       0 0 0 01                    R 12e     456653293910 9 811    27.0   25.0
 2117696.2731601.172E-030 3.860E-09.07480.102   81.94010.68-.017632       5 0 0 53       0 0 0 01                    R 14e     456653293910 9 811    31.0   29.0
 2117696.6413001.175E-030 3.856E-09.07370.100  106.12970.68-.018241       5 0 0 53       0 0 0 01                    R 16e     456653293910 9 811    35.0   33.0
 2117696.7492201.082E-030 3.827E-09.07170.096  163.86840.70-.018818       8 2 2 38       0 0 0 01                    R 20e     456653293910 9 811    43.0   41.0
 2117696.8720701.144E-030 3.847E-09.07260.098  133.43930.69-.018812       5 0 0 53       0 0 0 01                    R 18e     456653293910 9 811    39.0   37.0
 2117696.9297301.005E-030 3.828E-09.07090.095  197.41660.71-.019869       5 0 0 53       0 0 0 01                    R 22e     456653293910 9 811    47.0   45.0
